camera_factor: 1000
camera_cx: 318.643040
camera_cy: 255.313989
camera_fx: 517.306408
camera_fy: 516.469215
Detectortype: SURF
Matchingtype: BruteForce
